433.3686986607771 349.5170859172498 0
437.6571641267077 357.9440705041486 0
453.011669850879 387.3035648478277 0
469.955606831654 419.2721255938563 0
484.6503486379898 447.0121994119393 0
501.4443392738022 478.5309211230801 0
518.088383564652 506.4809198241107 0
520.2476109321135 508.4902008466096 0
522.5867739135302 508.6701364605648 0
526.6653144965133 507.6505013148191 0
541.7799060687444 498.5937420790773 0
570.1797438046629 480.1503416486762 0
578.0969108186886 477.0914362114389 0
579.7163313442848 477.6912215912894 0
581.5756660218211 478.2910069711398 0
582.085483594694 479.220674309908 0
583.8248611962603 483.7790431967713 0
585.7141851427892 485.998249102218 0
588.8030798490189 486.8979271719937 0
595.1608048754337 488.4873584285974 0
602.0283474747212 490.9764677549767 0
608.8659008050162 494.2153088061691 0
613.454258960872 498.86364550001 0
616.033336094229 502.9721753519856 0
617.7727136957952 507.5005549698564 0
617.7727136957952 512.1189023947048 0
617.7127351578102 517.1570995854485 0
616.783067819042 522.52517873511 0
614.4738941066178 528.6130003405921 0
609.4656861848666 538.2395556871917 0
605.6870382918089 547.9860681097613 0
604.4574782631155 556.7729239245703 0
604.7873602220332 559.681883016845 0
607.3664373553901 562.8307562610597 0
612.3146667391562 567.2391788029605 0
617.9526493097504 571.4376764619136 0
626.5595695106042 575.7861204658294 0
633.2771657649292 576.9856912255302 0
644.523141637125 577.375551722433 0
655.1993213984629 577.1056483015003 0
664.4959947861446 575.5462063138891 0
672.7430437590882 573.1170755254949 0
680.7201893110992 569.8482452053099 0
689.3570987809454 564.8100480145663 0
694.0354247437789 561.6911640393439 0
700.3331712322085 555.3934175509144 0
704.4117118151916 549.1556496004697 0
704.8015723120943 545.6768943973372 0
704.1118191252663 540.8186328205486 0
701.8026454128421 533.5312404553657 0
699.2535575484777 526.543740780108 0
693.6155749778835 514.9378936800021 0
689.0871953600126 505.2813490644099 0
687.8576353313193 493.2556521984085 0
687.7676675243417 484.6487319975547 0
692.8658432530705 474.5423483470747 0
698.8936863205673 467.6148272098021 0
703.7819371663485 463.9861256617069 0
711.5191685664191 462.8165441709986 0
718.7165931246245 463.476308088834 0
722.9450800525701 465.3656320353629 0
728.2231913952541 468.3345696656226 0
731.7319358673791 473.4027561253589 0
734.2210451937584 477.4513074393494 0
735.1807018015192 481.4098909463623 0
734.7008734976388 486.8379486340088 0
731.3120861014838 491.3663282518796 0
727.0835991735381 493.4355878123636 0
722.2253375967496 493.8254483092665 0
717.8469043238414 493.5855341573263 0
714.5180954656714 492.3559741286329 0
710.7394475726136 490.1367682231862 0
708.4302738601895 486.4180988681135 0
707.5006065214212 482.2196012091604 0
709.2399841229876 475.7719083757681 0
713.5884281269033 467.0150418299517 0
720.2460458432432 455.1093020399204 0
728.0132665123064 441.7940666072406 0
730.6523221836484 435.8262020777287 0
730.8922363355886 430.3081765831046 0
731.6419680604016 424.760161819488 0
731.552000253424 422.9308164109442 0
730.5923436456634 417.3528123783351 0
724.2646078882412 403.8276520627076 0
713.798353009851 387.0336614268952 0
705.1914328089972 374.4381684500359 0
690.706615885609 354.855175797919 0
681.3499639599421 345.9183736381474 0
678.7708868265852 344.4488994575138 0
673.822657442819 343.9090926156484 0
671.2735695784547 344.3889209195287 0
668.36461048618 345.7684272931847 0
652.3203515751808 355.9647787506423 0
637.1457814649647 363.702010150713 0
613.1243770019545 373.29857622832 0
601.5185299018484 376.9872563144003 0
591.8919745552488 378.4567304950339 0
587.6035090893181 377.946912922161 0
585.5642387978267 376.567406548505 0
583.3150436233875 373.5684796492528 0
579.2964815783895 367.150776084853 0
572.7888102070123 355.6948753297095 0
572.3689604411169 354.1054440731059 0
573.178670703915 352.7259376994498 0
586.3439597916322 346.3082341350501 0
598.3096781196485 340.7602193714336 0
600.7987874460279 340.1304447225906 0
601.668476246811 341.8098437861718 0
603.1979289654296 344.1789960365811 0
609.4656861848667 354.3753474940386 0
609.6756110678143 355.7848431366871 0
607.7862871212855 356.8644568204179 0
598.8194956925214 361.2129008243336 0
579.3564601163746 370.4196064050379 0
578.0069430117111 370.2996493290678 0
576.6274366380551 368.8301751484343 0
573.11869216593 361.8726647421691 0
566.9109134844779 349.4571073792649 0
556.2947122611251 333.5627948132282 0
552.2461609471346 332.2432669775572 0
548.647448668032 332.6931060124451 0
545.4385968858321 334.5824299589739 0
523.3664949073359 345.3485775272894 0
502.3740066125704 357.5242207382534 0
496.2262064691034 364.2718062615708 0
492.0277088101503 369.2500249143295 0
492.0277088101503 373.4185333042901 0
493.0173546869036 378.1568378051086 0
497.3957879598118 386.4638653160372 0
504.9530837459274 398.3396158370759 0
515.5992742382728 418.792297289976 0
516.6189093840185 420.4716963535573 0
516.1990596181231 423.1107520248992 0
516.0791025421531 433.9068888622072 0
514.8795317824522 435.046481083923 0
512.7203044149906 434.1168137451548 0
507.0223433064114 424.7901510884805 0
496.2262064691034 404.9672442844233 0
483.8406383751918 382.8051744989494 0
477.4529240797846 371.7691235097013 0
475.9534606301585 366.6409585119801 0
476.2533533200837 362.6223964669821 0
477.8427845766874 360.1932656785878 0
487.0494901573917 353.5056586932553 0
519.8277611662184 334.5224514209888 0
555.8148839572448 314.0697699680887 0
593.2115023909198 292.6874211764204 0
628.5688505331033 272.504643144453 0
650.5209954356295 260.8388175063619 0
656.1289887372311 258.4096867179677 0
659.9376258992814 258.1097940280424 0
662.6366601086085 259.8791608986012 0
665.1257694349878 263.3879053707263 0
670.2839237017016 272.1747611855353 0
684.0489981692692 296.4660690694782 0
698.2939009407172 321.1472374503239 0
705.7312396508627 334.1026016550935 0
706.8708318725785 335.3921402217719 0
709.1800055850027 336.5917109814728 0
718.1767862827594 337.9112388171438 0
719.6462604633929 337.8212710101662 0
720.1860673052584 336.5617217124803 0
718.8665394695873 331.8833957496468 0
712.2689002912325 320.9073232983837 0
691.0664871135194 284.2604365895217 0
671.6934193443502 252.051961691553 0
664.3460484411824 241.255824854245 0
661.6470142318553 237.5071662301797 0
658.8280229465582 236.6074881604041 0
655.6191711643584 239.4564687146936 0
656.3089243511864 242.695309765886 0
658.1082804907377 246.0541078930485 0
661.0772181209974 247.3736357287195 0
664.7359089380851 245.8441830101009 0
664.8558660140552 243.0251917248038 0
663.1764669504739 239.876318480589 0
662.0368747287581 238.3468657619703 0
660.2075293202142 237.237262809247 0
657.3285594969321 237.237262809247 0
651.3606949674203 239.5464365216712 0
635.5263609393686 248.6331850264054 0
593.4814058118527 271.9948255715801 0
542.7695519454978 301.0544272253341 0
506.9323754994339 321.1172481813314 0
473.4043727657943 340.0704661846054 0
463.1480427703517 345.4085560652744 0
460.2990622160621 348.1975580815789 0
460.3590407540472 352.396055740532 0
465.1873130618432 355.1250792188515 0
470.0755639076243 354.1654226110908 0
471.6350058952355 351.076527904861 0
471.3051239363177 347.9276546606462 0
469.655714141729 344.6888136094538 0
461.6785685897182 344.1190174985959 0
457.6300172757277 344.298953112551 0
455.8906396741614 346.1882770590799 0
455.1708972183408 349.9069464141527 0
455.6507255222212 354.2553904180684 0
460.2090944090845 365.7112911732118 0
471.9348985851607 390.9322663959229 0
487.2294257713469 420.3517392775871 0
501.1144573148846 444.4331222785824 0
506.7824291544713 453.0400424794362 0
509.7213775157385 454.4795273910773 0
512.9002400289458 454.059677625182 0
514.9095210514448 452.680171251526 0
517.7285123367418 447.7319418677598 0
522.3168704925978 436.425987457579 0
528.4646706360647 420.2617714706096 0
532.7531361019954 410.065420013152 0
536.2918698431131 397.2600021533451 0
537.7313547547541 390.0325883261473 0
537.6713762167691 383.4949276857774 0
536.171912767143 377.7069987702207 0
536.6817303400159 375.4578035957815 0
539.1408503974027 374.0782972221255 0
540.7002923850138 375.0379538298862 0
541.060163612924 377.497073887273 0
539.9505606602007 378.816601722944 0
538.1512045206495 379.506354909772 0
535.7820522702401 379.4163871027944 0
534.0426746686738 377.8869343841758 0
531.9134365702048 375.5777606717516 0
531.2536726523694 371.5292093577611 0
533.2329644058758 366.8508833949277 0
535.6321059252775 365.6513126352268 0
538.2111830586345 366.3710550910473 0
538.7809791694924 369.0700893003743 0
537.1915479128887 370.9594132469032 0
534.1326424756514 370.8694454399256 0
531.9134365702048 369.2200356453369 0
532.843103908973 365.0215379863838 0
537.3115049888588 360.7030832514606 0
541.5399919168044 359.6534588367223 0
547.5378457153088 359.2635983398196 0
549.8770086967255 360.8830188654158 0
550.1769013866508 362.9522784258998 0
549.4271696618378 365.4113984832866 0
545.9784037276977 365.1414950623539 0
545.4385968858322 362.4424608530269 0
546.398253493593 360.2232549475802 0
549.3971803928451 359.6534588367223 0
552.7559785200076 360.4031905615354 0
555.6049590742973 362.2325359700793 0
556.5046371440729 364.0019028406381 0
556.5346264130654 368.0804434236211 0
555.4850019983271 372.0090376616415 0
554.4953561215739 374.1682650291031 0
551.4964292223217 374.6480933329834 0
549.5771160068003 373.2985762283199 0
548.8273842819873 370.7194990949631 0
550.2668691936283 369.339992721307 0
552.2761502161274 368.6202502654865 0
554.3454097766113 369.0401000313818 0
556.4146693370954 370.8694454399256 0
558.2740040146317 372.8187479244396 0
558.8438001254897 375.6677284787292 0
557.9741113247065 379.0565158748842 0
555.7249161502674 379.9262046756673 0
552.6959999820226 379.7762583307047 0
551.0166009184414 379.9262046756673 0
549.787040889748 378.9965373368991 0
550.5367726145611 377.0472348523852 0
552.4860750990749 376.3574816655572 0
554.0455170866861 377.1671919283553 0
553.9855385487011 379.4163871027944 0
553.0258819409404 380.7059256694729 0
552.4860750990749 382.3853247330541 0
552.0062467951947 383.1950349958522 0
549.2772233168751 383.8248096446952 0
546.338274955608 383.64487403074 0
544.9887578509445 383.1650457268597 0
544.0291012431837 382.0554427741364 0
544.0590905121762 379.8062475996972 0
545.0787256579221 378.6966446469739 0
546.7881139904957 378.6666553779814 0
548.1076418261667 378.9365587989141 0
548.467513054077 381.1557647043607 0
548.3175667091144 383.3749706098074 0
547.2079637563911 384.6944984454783 0
545.1986827338922 385.3542623633138 0
541.689938261767 384.3346272175681 0
539.0508825904251 382.265367657084 0
536.8916552229636 380.3760437105552 0
534.1926210136365 379.8362368686898 0
529.394337974833 380.136129558615 0
526.005550578678 382.9851101129046 0
524.4760978600593 386.1039940881269 0
524.1462159011417 390.0925668641323 0
525.0758832399098 392.6716439974892 0
527.4150462213265 396.0304421246517 0
531.9734151081899 399.6891329417394 0
538.0612367136719 401.848360309201 0
545.0787256579221 402.5681027650215 0
551.5264184913143 401.3385427363281 0
558.1840362076541 398.1296909541283 0
563.7320509712707 394.6209464820032 0
568.6502910860444 389.4627922152894 0
571.2893467573863 384.6045306385008 0
572.2789926341395 378.3967519570487 0
572.2789926341395 372.5788337724994 0
571.499271640334 366.8808726639202 0
567.6906344782836 359.4435339537747 0
561.8727162937344 353.5056586932553 0
552.0362360641871 349.3971288412798 0
541.5100026478118 347.9576439296387 0
534.3725566275916 348.1675688125864 0
527.7749174492367 351.3164420568012 0
520.5475036220389 356.8944460894103 0
516.2890274251008 362.7723428119447 0
513.4700361398037 369.2200356453369 0
512.7203044149907 374.1382757601106 0
512.4204117250654 379.9861832136524 0
513.9798537126766 387.3335541168203 0
517.4286196468166 393.3314079153248 0
522.9166558724481 398.9993797549114 0
530.833822886474 404.2175125596103 0
537.5814084097914 407.6962677627428 0
545.88843592072 408.2660638736007 0
551.5564077603067 407.2764179968475 0
554.4353775835888 406.3767399270718 0
560.1933172301531 403.0779203378944 0
566.4310851805976 398.2196587611058 0
572.7588209380198 391.0522234718931 0
577.886985935741 383.1950349958523 0
581.0958377179409 379.0865051438767 0
588.7450753624767 375.6365058732216 0
601.6805472796901 368.9173738172839 0
618.4547999851502 360.9593231701167 0
621.3211743154556 359.137475078821 0
623.7260137959659 358.9188533078655 0
626.5195142026192 358.8702706920976 0
632.616632481489 359.0403098472852 0
635.6773372748658 358.8945619999815 0
640.0011900782076 357.9472009925078 0
645.2966951969071 354.4978352729879 0
649.9718425193703 350.5367028262058 0
656.1697697259583 344.5945630916357 0
660.2623692782449 337.8457090222398 0
662.9973276328981 330.782039602668 0
663.5089025769339 328.1257850855589 0
663.1744112673721 326.0401333906435 0
661.6987143134226 324.643140274238 0
657.4093551672759 321.652394447567 0
653.5528671276212 320.0979936560735 0
652.2149018893736 320.3341051687054 0
651.5459192702498 321.632718488181 0
652.0181422955137 324.525084517922 0
650.6211491791081 329.9753252678423 0
648.6929051592807 333.2808864446893 0
645.6431314544517 333.6547296730232 0
644.2658142974321 331.7068096938098 0
644.2067864192742 328.9128234609987 0
645.4266959012058 328.0077293292429 0
647.925542743227 328.2241648824889 0
649.1061003063866 329.8769454709124 0
649.4602675753345 332.5725519067935 0
649.2044801033165 335.3665381396046 0
647.6697552712091 337.7276532659238 0
644.3248421755901 340.344555864261 0
639.6222878823377 341.9776604932985 0
632.5979703815378 342.4892354373343 0
628.5447227480231 340.403583742419 0
626.6164787281958 336.5077437839922 0
627.1280536722317 334.0285729013571 0
629.213705367147 332.6709317037235 0
631.7125522091682 333.3792662416192 0
632.7357020972398 335.3271862208326 0
632.6569982596959 337.0193187280281 0
630.6303744429386 338.0818205348717 0
626.9706459971437 337.8457090222398 0
624.1963357237186 336.8815870123261 0
619.7495689024839 334.3827401703049 0
617.2507220604628 331.6281058562658 0
617.0933143853748 328.4799523545068 0
616.798174994585 322.3017011073047 0
619.0215584052022 319.7831783058975 0
622.2877676632772 318.8977601335278 0
624.2356876424906 319.7438263871255 0
623.8028165359988 323.5412865486223 0
621.5991090847674 325.3317988527477 0
619.2183179990622 324.8202239087119 0
618.2345200297625 323.4625827110784 0
616.9162307509009 320.3734570874773 0
616.562063481953 318.327157311334 0
617.6442412481827 314.3526135153633 0
619.9266525369579 311.5192753637801 0
622.5829070540672 309.3155679125488 0
626.7738864032838 308.2137141869332 0
633.0898693661877 307.6431113647394 0
636.3954305430347 309.8271428565847 0
636.2970507461047 312.9359444395717 0
634.8607057109272 314.3526135153633 0
631.8306079654841 313.6639549368534 0
631.1419493869744 310.4764495163225 0
632.204451193818 309.0204285217589 0
637.2611727560184 308.784317009127 0
641.2553925113751 309.9451986129006 0
646.0366506421716 311.853766673342 0
648.102626377701 313.9000664494854 0
649.5192954534925 315.7496066317688 0
648.9683685906847 318.05169387993 0
646.2530861954175 319.1535476055457 0
644.1477585411162 317.9926660017721 0
643.2033124905885 314.8445125000131 0
644.1084066223442 312.5621012112378 0
645.5644276169077 310.8502927446564 0
647.4156170608906 309.1471984561922 0
650.7107342711799 305.926128823662 0
654.5612083146643 302.6680354022522 0
655.8200171365726 302.2237499356963 0
657.3750162695183 302.8901781355302 0
659.2632295023807 304.5562486351147 0
660.744181057567 307.5551755343669 0
663.8912031123379 314.2564813215848 0
666.4458445450341 322.8089765527856 0
666.2237018117563 330.9912338951898 0
665.4832260341632 335.9524216050638 0
662.8915608125872 341.9502754035682 0
656.227278814249 349.206938023981 0
651.3401386821342 352.2058649232332 0
640.0849068627185 355.575029711282 0
634.1240768530937 355.7231248668006 0
624.053606277827 354.5753874115313 0
617.0561101795719 352.6131266009094 0
610.2067092368354 348.2443195131099 0
606.6154017155087 344.8751547250611 0
602.9870704053024 339.8769432263074 0
600.7656430725228 330.6580197952728 0
601.1358809613193 322.3276672973501 0
600.9507620169211 315.3671949879745 0
602.801951460904 309.9246980226649 0
606.0230210934341 303.223392235447 0
611.0582563810675 297.7808952701375 0
615.7232537799042 294.1155401710515 0
620.1661084454631 291.8200652605127 0
625.7567005662912 291.0055419051603 0
637.4932416411425 290.7463753830027 0
644.4537139505179 291.5238749494754 0
650.488591537902 292.9678027157821 0
656.6715642808047 296.7442291815071 0
660.966323790845 300.1874415473152 0
665.3721546675241 306.1852953458196 0
668.408105355656 314.0343385883069 0
671.3700084660286 325.4376655632412 0
672.2585793991403 328.4736162513731 0
674.0357212653638 331.2133766284677 0
679.2190517085159 334.1382559499606 0
685.5871433958168 336.248611916101 0
699.2118977035306 340.0250383818261 0
707.9124880902499 341.8762278258089 0
722.0185516533992 346.2820587024881 0
732.6073552729811 350.9100323124452 0
734.6066398724826 353.6127689006601 0
734.9768777612791 356.5376482221531 0
734.1623544059266 359.2774085992476 0
732.3481887508234 361.9060976097033 0
726.461406318958 365.4233575532707 0
718.3161727654335 368.8665699190788 0
711.5408194004563 371.6063302961734 0
709.9117726897514 373.4945435290359 0
709.5415348009548 375.864066017334 0
710.2079630007886 377.3079937836406 0
712.2442713891697 378.0484695612337 0
716.2798643770524 377.9373981945947 0
719.4639102207028 376.7896607393254 0
726.8686679966343 373.8647814178325 0
734.6066398724826 369.8662122188295 0
745.565681380861 363.8313346314454 0
748.4165131245945 361.720978665305 0
749.5642505798639 360.2030033212391 0
749.0829413244284 358.0185997773393 0
741.4930646040987 346.0599159692101 0
727.5721199853477 323.9196902191753 0
709.948796478631 295.781610670636 0
690.4372597390519 264.6075804339649 0
674.0727450542436 238.801999584844 0
664.1133458456159 222.9558179443508 0
660.8182286353264 221.215699867007 0
658.4487061470284 220.6233192449324 0
654.0798990592289 220.9195095559697 0
649.7851395491887 222.9187941554712 0
624.9051534220592 237.3580718185374 0
589.9917205085428 257.4619891801911 0
559.2619757384276 275.1223364757875 0
530.9017534566103 291.6719701049942 0
492.3599892328876 314.1824337438256 0
460.5195307963827 333.4718277501269 0
447.6722760551418 341.6170613036514 0
443.1553738118236 345.2453926138578 0
442.3408504564712 349.9103900126945 0
443.4515641228609 354.7605063559296 0
447.7463236329011 362.7946685428152 0
464.9253616730619 394.8572697125981 0
480.0680913248415 422.921301683378 0
493.9520121547129 449.3562869434531 0
508.391289817779 472.9034166709149 0
509.5390272730484 475.1618677925739 0
511.3531929281516 475.2359153703333 0
513.3154537387734 472.7553215153963 0
514.9445004494783 468.571633371995 0
519.2022361706388 457.3534253414589 0
522.7194961142062 447.2829547661922 0
528.2360406572751 439.322840157066 0
534.5671085556965 432.3993916365702 0
543.9341271422496 425.9202285826302 0
548.0437677078916 423.8839201942491 0
551.9682893291351 423.7358250387305 0
553.5232884620808 425.6980858493523 0
555.115311383906 427.2530849822979 0
557.2256673500465 431.881058592255 0
559.5951898383445 441.6553388564844 0
563.0754259930322 458.5752103744877 0
563.0754259930322 461.2779469627026 0
565.1117343814134 462.0924703180551 0
567.851494758508 461.8333037958975 0
571.4057784909551 460.2783046629519 0
585.8450561540212 452.9846182536595 0
613.6499216026435 437.6197458686019 0
653.0062091817188 415.6646390629653 0
681.1072649413783 400.5589332000653 0
704.024990257886 387.3784643589074 0
706.2093938017857 386.4898934257956 0
706.6166554794619 384.4165612485348 0
705.4689180241926 382.4913242267927 0
701.1741585141524 377.5671603057983 0
690.1410694280146 365.0160958755946 0
680.0335750638683 354.7975301448093 0
677.1827433201347 353.7978878450585 0
674.1838164208825 353.8719354228178 0
669.4817952331661 356.6116957999125 0
645.3422848836299 370.0513311632279 0
618.9813472013142 383.8982282042196 0
586.289341620577 402.7803605328446 0
568.3698278028231 412.9989262636299 0
553.9675739286366 423.0693968388966 0
550.3022188295505 427.8824893932521 0
550.4503139850692 431.2146303924212 0
551.6720990180978 435.5093899024614 0
554.0416215063959 442.5068860007165 0
557.2997149278057 451.2815239651952 0
560.6318559269748 462.4997319957313 0
561.4834030712069 465.8688967837801 0
560.3356656159375 467.7941338055222 0
558.4104285941954 469.7193708272644 0
545.3410311196765 478.3459136362245 0
532.0124671230001 484.0475771236916 0
524.5336617693093 486.3430520342304 0
520.2759260481488 485.8987665676745 0
517.4991418821745 484.9731718456831 0
516.8697374712203 482.4555542018664 0
516.6105709490628 479.7528176136514 0
518.6468793374439 476.6057955588806 0
520.9793780368623 474.0511541261843 0
523.2008053696417 472.5331787821183 0
526.1256846911346 473.1996069819521 0
527.5696124574413 474.4954395927401 0
527.7177076129599 477.75353301415 0
527.7177076129599 483.7143630237747 0
527.4585410908022 486.7132899230269 0
526.9031842576075 488.4163842114912 0
524.570685558189 491.1931683774654 0
521.7568776033351 492.3409058327348 0
518.6098555485643 492.7111437215314 0
517.7212846154525 493.4145957102448 0
517.1659277822577 495.7470944096633 0
518.2396176597677 497.8944741646833 0
520.9423542479826 499.1903067754713 0
523.496995680679 499.227330564351 0
528.6433023349513 497.0059032315716 0
537.0477024106334 492.4890009882534 0
545.4521024863155 487.0465040229438 0
554.4488831840721 481.1597215910784 0
565.1117343814133 474.9027012704163 0
574.5528005457257 470.1636562938202 0
580.3285116109523 467.5719910722443 0
585.8450561540211 465.757825417141 0
590.065768086302 465.7208016282614 0
592.3612429968407 466.2761584614563 0
593.953265918666 467.6460386500036 0
594.5826703296202 471.0892510158116 0
594.6937416962592 474.0511541261842 0
595.1010033739353 476.4947241922416 0
596.7300500846403 479.0123418360582 0
603.2832607163396 484.2697198569695 0
608.8738528371678 488.0461463226945 0
615.0568255800704 492.0817393105772 0
620.8695604341766 495.9692371429412 0
625.9788432995692 500.4120918085 0
627.941104110191 505.2251843628554 0
628.7926512544232 512.0005377278326 0
627.941104110191 517.3319633265032 0
626.2750336106064 522.9225554473314 0
624.497891744383 528.5871951459189 0
623.0539639780764 533.104097389237 0
622.4245595671222 540.2867124318905 0
622.4986071448815 546.0253997082374 0
624.3497965888644 549.6537310184438 0
627.0155093881996 553.2820623286501 0
632.0877684647127 557.2065839498937 0
638.5669315186526 560.6127725268221 0
645.6754989835467 562.8712236484813 0
654.3390655813864 564.204080048149 0
661.5587044129195 564.8334844591032 0
667.0752489559883 564.4262227814269 0
672.2585793991403 563.0563425928796 0
676.6644102758195 560.9459866267391 0
681.4775028301748 557.9100359386073 0
685.1058341403812 554.7630138838365 0
688.6601178728283 550.2831354293979 0
690.1040456391349 546.7288516969509 0
690.6964262612095 541.6565926204378 0
690.955592783367 535.806833977452 0
689.4376174393011 529.6608850234289 0
686.105476440132 522.108032091979 0
681.8107169300918 513.1852989719816 0
677.4048860534125 504.0033993298267 0
675.1834587206331 498.1536406868409 0
674.44298294304 490.9340018553078 0
674.6281018874382 486.491147189749 0
676.072029653745 481.4929356909953 0
680.1076226416276 475.3840105258519 0
686.105476440132 469.9044897716627 0
689.8819029058569 466.9425866612901 0
700.2485637921609 463.4253267177227 0
708.652963867843 462.4627082068516 0
716.9462925768861 462.3886606290923 0
725.6098591747259 463.2402077733244 0
731.0523561400354 465.2765161617056 0
735.1619967056773 467.7200862277629 0
739.2716372713193 471.7186554267659 0
742.4927069038494 476.3836528256026 0
743.6774681479984 480.123055502448 0
744.4549677144712 485.5285286788779 0
743.6404443591188 490.0084071333164 0
740.9747315597834 494.044000121199 0
737.457471616216 497.5242362758867 0
731.8298557065082 500.0418539197034 0
726.9797393632731 500.7453059084169 0
722.0185516533991 500.7823296972965 0
717.8348635099979 500.2639966529814 0
713.9843894665136 498.4128072089985 0
710.4671295229462 495.339832731987 0
706.8758220016194 491.563406266262 0
704.5062995133214 487.4907894894997 0
703.6177285802096 480.1600792913276 0
704.4692757244417 470.5709179714964 0
706.5055841128228 463.6104456621209 0
709.0602255455192 457.2053301859403 0
715.9836740660151 444.1359327114214 0
723.1662891086685 430.1039167260314 0
726.0171208524021 424.8095149162405 0
726.5724776855969 420.1815413062834 0
725.9060494857631 415.8867817962432 0
721.3150996646856 408.556071598071 0
712.20724760029 396.3011974789046 0
711.2446290894189 392.9690564797355 0
712.540461700207 390.2663198915205 0
721.5742661868432 383.8982282042195 0
740.1972319933105 374.5312096176663 0
756.3766277337205 365.6455002865486 0
759.0053167441762 362.7576447539353 0
757.8575792889069 358.6480041882934 0
751.2673448683279 347.577891313276 0
736.3467579498262 323.4754047526193 0
720.0562908427771 297.2625622258222 0
701.6924915584673 266.2736509335493 0
687.5123804175587 243.207830461523 0
676.5533389091802 226.1768875768809 0
670.0001282774809 216.4026073126514 0
670.2963185885183 215.1437984907431 0
672.6288172879366 214.5884416575482 0
690.0810545947845 214.8399134536608 0
752.0920372627079 214.733730264161 0
806.5640134761405 214.0966311271617 0
853.6031664245822 214.0966311271617 0
